max_gsl_length_m=1123624.3393661424
max_isl_length_m=5362645.8044871846
