max_gsl_length_m=1084549.5064776896
max_isl_length_m=4959693.1480772076
