max_gsl_length_m=2839441.8997829985
max_isl_length_m=7929848.0187201574
