max_gsl_length_m=990614.6704067127
max_isl_length_m=3481453.6194957416
